0,423
0,422
0,421
0,420
0,419
0,418
0,417
0,416
0,415
0,414
0,413
0,412
0,411
28,2
30,1
30,4
0,410
26,1
26,3
0,409
0,408
0,407
0,406
0,405
0,404
0,403
28,1
28,3
0,402
0,401
0,400
0,399
0,398
0,397
0,396
0,395
0,394
0,393
0,392
0,386
33,3
33,2
33,1
33,0
32,3
32,2
0,9
32,1
32,0
0,273
0,270
31,49
31,48
31,47
31,46
31,45
31,44
31,43
31,42
31,41
31,40
31,39
31,38
31,37
31,36
31,35
3,2
10,161
10,125
10,97
10,159
10,95
10,139
10,143
10,2
10,3
11,20
11,17
11,13
11,18
11,6
11,2
11,3
9,5
9,2
9,3
8,8
8,10
8,11
8,2
8,3
12,2
12,1
12,3
20,2
20,1
20,3
19,2
19,1
19,3
11,30
11,29
11,28
11,27
11,26
11,25
11,24
11,23
11,22
11,1
11,21
10,317
10,316
10,315
10,314
10,313
10,312
10,311
10,310
10,309
10,308
10,307
10,306
10,305
10,304
10,303
10,302
10,301
10,300
